9.217235
10.318129
10.129548 
8.694245 
10.137817  
9.425283 
10.623405  
9.342076 
10.596094  
9.774860
8.574891  
9.879593  
9.484296  
9.344638 
11.595789  
9.888536  
8.534009 
10.095894  
9.727538 
10.337148
11.513322 
12.206648  
9.835393  
9.971442 11.740494 10.854234 11.598732  5.296376  9.997404  9.523829
6.931937  7.442440 10.203614  9.893644 11.493547  8.684547 10.701225  9.096643  7.403547  9.524160
8.109332 10.635259 11.017585  8.025185 10.639323 10.194740  8.547801 10.524075  9.794782  9.662731
7.679089 10.003210  9.096323  9.838539 12.397197  8.770399  9.376120  7.370233  9.570937 11.546209
12.983894 10.918312  7.947315 10.478530 11.097465  7.428212  8.378904 11.149247 10.528399  9.773401
8.077814  9.921014  6.700658  9.606119 10.412562 11.177284  9.889142  7.052527 10.233331 10.504087
13.257061 10.507389 10.405352 11.081850 10.093603  9.478749 10.430384 11.066278 10.938973  7.646291
13.077798  9.414972 10.945849 10.651533  8.235178  9.775766 12.374642 10.335392  9.919154 10.56262
