5.64592469958687
19.0771851144564
6.32250950280993
43.474942567856
135.111562868857
1.50777107650641
2.90188871491406
1.32874067322927
9.54007772285907
25.8512497534853
5.02153422593459
4.77008657372169
8.95100487872396
3.65653542607448
2.89224921024308
4.52115463076342
34.0246689967503
3.09905960393661
14.9951792743065
13.3187693841724
1.71194250280866
8.23276015806093
9.46274396241221
2.57280789272829
8.270018645729
3.90124117893398
3.4883300365372
0.978150502898073
14.4985899082817
17.1509353103388
10.7018237480196
4.91710350723412
1.7115995319787
0.873985364498448
4.47190075081297
45.0404681470654
3.06233454488115
2.93625373507224
10.1962739412518
11.1070202496982
2.13917253829455
19.7661652693067
8.63531674321003
1.1024074321182
23.6087575597319
1.15299231692305
1.25067690370079
16.8738246996651
5.11236686758187
0.817735387105963
6.74220333519676
62.1580095511533
7.02894733315072
14.8875970085082
3.09366660566761
30.2318146632982
2.93937391920187
39.3746141592529
2.85847782953198
8.85849723413838
19.1263040569908
2.51756274656521
13.3589705784517
3.72623554752267
13.6885597396525
6.69851828417006
3.56720338230166
0.967567646167988
15.6316538577935
3.50626194939411
3.54944017791605
1.94156956733193
20.9195121333541
2.27278228510246
5.26103740051985
8.55796388653965
22.7965240587174
4.18728638066871
3.43030151194227
102.806128024001
2.07791490426649
4.92231576096982
8.10225037374184
1.55356303865764
1.1568531186966
5.02704293299439
10.140425813116
5.08061805945689
3.07829060045797
32.9816915586795
7.47516652071073
78.5648986467541
4.55496721082601
29.7514096203597
5.47141739649256
26.9783198558
34.3167948545956
17.1475990415096
16.8366504292879
7.87109669454806
13.7180020521329
3.39219058367991
3.84021803378141
3.06091242507514
7.41602250573026
11.0997801728949
13.8722458945847
1.57844784722141
3.42404064255599
19.3221401162282
4.18476623379757
9.81319132500099
8.94844405101348
2.57256538325309
5.94968447326569
4.58203785619506
20.499738135452
5.41400731405105
1.34090982942982
5.08643734485083
14.4277277884535
3.04617569470244
17.6780621819342
23.3436392620878
3.9075003549131
5.53793948818854
1.45938973862234
1.57798747817593
5.00459072501522
16.7979329680401
16.6307096448517
4.8355183395934
14.4745505154299
2.387703525752
11.3819910321308
5.00072881373367
7.60459332200492
14.8829571579209
6.45853369553319
3.13626021957579
3.55440712835961
15.2416877319197
18.2219534664816
1.50689147456957
9.33120920522092
29.5803951180248
9.42544403512729
2.82827848514218
77.7551704048005
11.5210390241602
11.7354991277223
4.76804621689444
1.34681138735037
14.5250332828814
16.8774878259316
1.4247318822757
3.57742292649963
9.14240464398726
2.82049011743701
21.8417623537678
40.1339637189555
8.52220258087959
5.622438818235
0.459201284960577
2.70382822894762
8.14704609377454
5.40507774621075
6.67847850309978
13.2921694040488
15.0245299822529
0.790574332653873
26.4428645045151
32.8211305708505
2.28745491562459
2.32341044167536
2.36305411585859
13.4421549001848
3.75280325840164
1.63859086558152
1.42386415197925
21.2498502288685
10.1745314716458
6.14789733207295
2.78968656014726
4.69497471181464
32.3534222809962
1.06241365420859
4.34711691143042
6.51667272692774
2.06595485886989
27.0675547427009
21.6443506981431
2.63211797332069
25.17797148255
6.8068857398214
14.4015124220611
28.5059955812677
18.9729863848449
5.30275086378008
2.70540656631503
27.5317803006645
25.204356411879
49.4883630801243
9.20028120841371
3.27365234865506
1.43022622474916
33.5576400672889
1.83960210618719
11.0704807073918
10.8187174199098
1.27323076905296
2.62699957883464
6.86185198312225
20.0064355510312
17.0992202388624
38.7483459000461
13.5537449426067
7.18385335982071
3.02022622980564
8.28345408181688
10.1337934578222
3.69766590047893
20.4921978801963
5.79341119098414
12.419882620538
15.2292781661655
12.7855038757503
6.56481034713483
31.8805203261514
7.44075490763144
4.85284482808241
1.8983778616149
26.5372985752517
11.1406141893357
4.16437821136846
10.0795431140218
4.16199844826386
15.3051946175052
3.40118273730856
1.77331052154127
3.31313144868936
7.25756184613136
7.1375255206543
43.2014171576016
55.907307654772
1.42818463529907
2.3198144088082
1.88312091099695
15.3324981914305
5.8214453053657
5.86521412746323
4.04936720943763
2.8008240650174
24.8863752409181
1.66030255419721
3.71329641770957
9.80839246763287
5.73227038081765
32.4665989451089
20.7723867470199
16.4234790439132
9.53000962539809
6.1537314975028
2.76423064629137
31.3576879634952
13.235964485419
61.1187886582811
11.1696319724673
4.18180623927604
3.2720129779678
0.726011939717749
4.40092021333274
12.1599702531445
15.7771500518956
4.79408231069595
5.38531327765017
13.8830069212687
19.7515455395299
6.05921952400673
14.6919847235559
3.21207489159902
2.69658913411709
117.877972202502
0.798322696434968
9.71942191706469
5.89929220941245
16.956237375182
11.2172971320611
4.36030394682982
22.0005371977878
2.99676493288344
20.2578379884658
10.3429264078608
3.36540253522902
10.4387468843402
19.7664698876073
2.67449392081893
4.61086575581903
6.20231077753712
24.4747333179471
8.3096503237606
7.43758814446584
10.9885288049128
7.77788274283786
25.7557826122552
14.8833246464913
3.75730868892502
16.3930453279111
5.57147925521598
0.70794291357409
8.2156178955294
19.1007053268121
1.39186465092722
1.341777294729
6.14354812120115
1.15787585599478
5.10234647827493
6.4934149587722
7.80037997927058
6.65353951030947
13.9696866338048
2.95309254152867
10.6614396321883
12.5205974185035
5.03100016321421
1.77123049451198
13.5803807375901
12.8765839724902
2.32185900708284
2.90863413601339
5.65235088719969
6.44821454603273
11.2354780432861
7.71590622953529
12.4076289891742
1.57382012646454
1.89105947904212
2.97235536328393
7.81832349817224
30.6035912111912
8.65033236354837
1.7842972071672
6.47872749455854
3.49309799508652
3.83174688652475
0.930291465982478
6.42819060666156
4.09723653553449
1.03937916542078
1.73914309385363
3.02883058967691
5.35247538909534
8.67075406989051
21.1109098209496
74.1952424684044
11.0573222506967
8.39375158199851
8.73292631609987
11.42515674021
30.6642804702293
4.28378519211465
13.7022852380988
13.0842547755337
9.84074183850497
20.9471607779424
10.212553859398
5.05454341081296
7.92000279301762
21.1483210752486
8.2744227371169
10.7227478425946
16.2770218878836
6.42181262662377
23.1918080664467
1.37037788484169
4.22962544127291
10.5662924832363
1.03238952594252
9.94275995884764
33.1583333962692
12.4660498201741
42.5273239685604
10.279118340607
26.363156271373
3.82480910179886
40.4300557464979
15.6590849028643
29.9783289673659
12.9329623550617
1.40751356344954
2.14765965269236
64.2599106400336
6.93147913953028
1.85901728105124
9.18529900083033
13.9089799093457
12.5074034790608
4.21577098515614
18.0352081607661
5.66474849959733
11.3295926687654
11.466947678221
3.53369703611982
4.9755077746024
54.6381061039926
2.43527623998202
15.53143770051
9.26305528700436
26.0312763010831
12.3307892331031
12.4345917482414
2.8825779902119
5.35479233310295
3.09740860393346
0.628010009049053
13.7161502677554
73.3592960237614
3.4669750175941
17.1613273530338
11.041999081687
6.1916675846532
6.10724253691696
11.7055279576958
3.5381504691867
58.2888370583918
6.72890783236401
1.73426294748695
6.43167692235426
4.2009592945937
5.74478408261733
2.53073711398548
27.6966641586645
8.56291023028394
1.4405128060939
22.1982355099834
4.23993154895685
14.6158698835841
3.51972203931833
6.26517776454303
115.938876700507
10.6309200821462
3.52195283506057
3.03353766108377
57.5473051465845
7.03834576895393
8.72274924514022
127.028917571526
12.1528542980932
0.598037804342691
12.7434131101463
4.59766833462092
8.26305197984496
9.03217585318396
2.95226766601217
6.00852405976016
4.93362003465938
15.0373929505799
4.48759023310465
8.13158667036756
3.71865718245247
3.39139328435533
14.897875745034
4.11624724136223
11.8752324454397
7.86585851801409
27.9548009914099
8.55097198765044
1.4212664313447
14.3831936178617
2.24896821936585
4.56252313695651
9.50661373962134
12.4123674522054
43.9827192768435
1.50096178199882
2.70336975503653
3.19375563803966
6.51581067828154
5.0129709902959
8.63449646313402
3.55335375437205
5.033763557701
25.6980163524486
9.14378579613047
23.0621879137973
2.7070981453245
20.1829326463859
129.711209917402
2.68283055829511
0.149686758536326
9.59891117564039
1.37682311224322
13.9145419248098
25.0312903184015
0.440389013875937
3.27176261260038
5.51207174355206
12.8493716440475
3.92453495130585
3.46537309542685
1.49813474317466
13.6881260258589
5.07685931091299
1.88435264516189
42.5879324416228
5.41495611409949
0.501404642161135
10.4737591326187
15.2577004734846
27.2056498611074
5.09529795721339
7.65906562468674
13.7117510743536
40.612095389009
7.52937813711298
11.838567164633
35.4949573339218
7.36410911662193
15.2664953201653
2.73502548618927
14.8169693975962
27.0181570225319
35.5955914092722
1.74301871148791
12.0295644348043
8.35384579932133
2.43569107019242
7.59483734367412
5.56759481569322
19.0878872043883
4.88989626704416
12.8126464420651
14.1668751543824
2.94237107907095
5.39838401016324
8.71650543407291
38.7072773888173
11.2309474490217
28.9465385947562
3.55049117505706
4.95413412893218
10.4604932606143
0.638111813799246
15.2039312104032
8.97893971654982
5.27382155432443
7.22383151757825
26.9353913980786
15.0974500276194
3.54302992971338
14.7886742014147
8.03604656131609
1.66672608140721
10.5282910363113
7.93409311030151
6.42838519403515
16.0570696042291
4.68803836895762
1.14025128776065
4.94095950023461
6.18282483431592
8.05145766338067
1.92280217964137
14.5360764614482
17.6682010816995
7.98098864794084
6.59899844257317
9.58727211815082
2.3104558161215
9.90761467783973
3.58172999153951
2.75878363662178
6.52420431570219
20.9012739677621
4.72528370576425
19.2017716665739
48.4173448251745
7.36626717288379
6.84565342831664
6.66569328379887
13.2331461398683
38.7498277710175
5.02300370861561
11.5938000494534
0.626414217545786
2.65549598471259
7.65956157491509
8.66711131400794
3.21843486320948
5.29964672274514
1.57940898498184
14.2641968465735
16.8412808063737
1.77645638190251
1.68695450623945
33.782869872104
8.97814536556681
13.5725541646279
27.5169396390863
3.63824459725385
7.68393554750119
6.29150998964924
11.6409064602014
10.1147502253794
5.58006031407205
2.07700966299693
4.04894112446534
12.815138910243
4.08697562717925
11.6030390594218
5.5217518167808
9.34599326140675
1.58011581855192
12.4794796288282
2.71757947927236
5.73906395107392
34.0033081430644
5.15606695958807
11.2073401601031
4.14360251935839
17.7700463825559
5.63403488194429
4.9111509299021
18.0418782760149
4.689569537504
59.0998851694099
10.8992100459074
17.4806095426644
4.64121196230338
13.343894024667
4.39778741567808
6.30783980769934
23.1350266197844
1.16197598261112
2.6866727882306
20.6949926402403
13.1723198076238
16.663249721832
0.5847479099181
3.65919964382371
9.86123360993802
10.59375944997
1.32187672494441
3.91166724305463
17.5915536250108
4.60860993465475
7.82761716831573
8.316397497056
98.9018522228829
11.0752138158329
25.6306306481812
35.2802529726218
8.56505839187175
5.19197882664051
2.11671239825285
4.64992763292642
2.61626462184206
11.6777015148351
3.83064955278213
5.66436009253307
2.41866676394605
4.02823408250438
17.0094029492492
13.0070440809885
23.3851175858193
4.55248166137715
4.44347608635989
21.8429678716265
6.11049985631225
1.17879267217727
15.7270801654801
45.3852905289149
11.0667348990777
8.2879415675547
10.6561304256253
5.68139888776364
23.631456428491
3.05683951340846
2.43990153062257
8.94656304207634
30.7422096587522
3.61225008200949
5.56048359977112
12.4460577134823
12.5542136264301
55.3993931279933
1.97214345901519
2.99168563102904
4.10384523880008
34.315734094455
2.78785643879277
2.79279750949952
6.69088268166335
2.63601573280283
6.91267270672511
8.78514715799809
2.81035068002345
12.5174576752164
36.0607777154657
1.15508996224817
17.9975411077564
7.021937377354
3.18899542189937
9.41248128323697
11.6747806585436
17.5228172230887
18.3449779615172
8.96381107669045
4.44907910601117
17.0015524742261
12.3678112943125
21.1201000891146
32.2796800449782
2.54485905006921
1.61799561076579
35.4009555508108
4.17723952588812
39.1712094167394
19.5002568255321
9.22321292947509
21.8309381298463
1.55754052523016
3.96845673196994
4.63520236344436
5.99948623559273
2.17787443503517
15.8490547621783
10.251374125731
25.2090366092476
10.6231937710791
3.98507278219562
8.21417206873688
11.2486370153616
2.59403660682506
31.851772834578
5.89409467818929
16.4342506293868
17.0084463394456
2.18540345014232
11.9294426074447
12.136792958643
10.9381140555365
23.0961885901448
47.420864697077
10.2323715872706
1.99124872930104
6.78513435648205
25.2028527307622
19.0601303468485
7.4733061273426
44.4139118064885
8.66980650462225
9.43190624070276
9.30648547476654
7.34180720781684
16.0801477917012
21.8153831715219
7.07336901185857
9.54271038708544
24.5808467646378
14.4110478789056
2.43928646161604
8.53207215907624
12.3572575966828
8.65477462394546
3.3490362655296
2.72275134259914
5.93073506031048
4.11459819316147
4.03831397834657
7.09091838364239
43.0148067736571
16.0529133018909
13.1033198521702
11.8309176016853
9.45301408146312
7.19695933272408
4.84821253504695
6.97620973098802
6.51349884456545
1.67621068964128
7.61455078837985
8.25162721832187
8.18840426546542
7.53275851597115
22.6178774279794
47.685932592811
12.357662869565
1.805292917948
6.82411856254311
23.1951072780928
141.703743961575
57.8271585650922
28.2962099139712
2.08067910631591
4.43452951546795
7.33916049194075
2.56474782663848
3.97475551029475
4.00576160187885
11.8739397659693
6.25934750564766
13.7523172361232
6.39669576118337
17.5203513747231
8.60808272548743
12.1161475548183
3.26272253063414
5.44139582214217
4.53759566964915
2.61601168763428
18.7334748561133
1.58667725843725
18.8957514213006
2.28995433148984
5.45791174302087
7.68784436580113
9.58284584324046
6.52271914526395
12.2726878462145
3.96225519109306
6.99949768439058
8.79239253944045
12.6481955981993
31.2857751714756
6.25523499261181
2.03112275088184
15.7334517921992
7.93280836913996
3.34093970216227
3.31287675066304
8.33055503698263
4.82000034861047
9.29445246061079
3.56585203880911
31.2561565606569
31.6445816067833
6.14020689350619
169.471144920436
7.72680692455077
9.45043405752462
30.1432378582894
12.1628794721417
14.0537719057932
6.17887467710266
3.75134969354287
2.35169811931136
3.53149041070892
12.1479165612356
9.41549125404153
0.555367748466912
14.2806773189456
4.6795133719784
3.38796771123069
3.1348398650465
7.83319814622328
2.72318834013686
7.32694275255076
1.31417635047225
1.33496481551752
3.44275217909382
4.14155950938939
5.67155602300914
6.9251496300343
2.45356393510269
7.76806988238442
9.99611854361442
5.20859527001067
1.11719828821274
4.27538894296737
22.8983700538432
11.5987957438734
5.49779376409854
2.12195315237958
1.05527138526302
2.15874885893717
1.02974220084174
25.6284028092298
13.6986011338118
3.46805200472375
35.1024196176429
8.41469629213532
22.0020430614825
27.6679006488137
10.7160543227394
4.52869012400992
8.62986103349581
40.0168130755615
1.69623214200924
15.3602876425173
6.15516681160674
5.58826863363623
5.07578196488258
13.0383960394235
4.88549063233273
21.1573972537365
6.77210737393767
9.81382580728859
15.1052897999766
2.92593704649091
11.7972573762224
5.43559489642001
2.17707611715009
24.6683489771714
11.5436795136077
27.8836635287977
25.2147274222362
59.6036165075745
14.2023236940914
1.06268047346773
14.9041766352553
9.97377325990654
7.65834775098264
3.49072934951455
6.55463821622304
13.5701262182087
36.9529834236981
6.89150705591978
3.03669503198547
18.1046901376866
6.35864906689318
3.76926129159277
2.34601292456127
3.32789194428328
1.7106613782682
1.81223949939713
9.40361127796738
11.7022827093457
4.80435294435794
7.51285832966877
21.5960480997104
5.92120351832852
1.82231062907923
2.84266400458265
21.3025766451991
6.80935168859529
2.02151322180799
7.56690999842661
9.61070533753841
14.2079080636035
1.54451585696472
31.3576154879897
8.50057811888632
28.9318140749977
2.47003281877909
13.5833706984656
4.09497936773732
7.46370522582107
15.1753058386948
12.4123329906418
6.23759209073739
3.44072778971146
33.0876796039057
1.54072693861999
7.14561517754838
6.28863563508849
1.46838729735119
37.3462812522439
12.1110376840802
18.0192576259661
3.20239699307805
1.44811489621668
10.8307221208221
18.1511611439184
10.5817807770246
2.25102756988365
24.9477574055729
10.861783454972
5.26273946420892
1.95624026193812
3.73903990403057
12.2377932327355
4.99741651148762
7.2649195548028
37.7450569669942
42.3712839344037
9.11429814132886
1.65969763126275
4.00150531866332
4.46489522449852
51.4306543094495
23.833088442507
3.42245215305337
1.0553236375798
2.477141918868
1.3929613128205
192.146578895543
11.4826021943953
2.7816056347092
4.42817912788139
4.91002384381166
43.9795548611051
17.2456169929048
44.0227483099787
7.62973307170428
19.5772376763351
5.35281589884009
3.60996546325967
2.64001191261542
39.566568144683
